0 0 0 0 0 0 0 0 0 0 0 0 0 0 0 0 0 0 0 0 0 0 0 0 0 0 0 0 0 0 0 0 0 0 0 0 0 0 0 0 0 0 0 0 0 0 0 0 0 0 0 0 0 0 0 0 0 0 0 0 0 0 0 0
0 0 0 0 0 0 0 0 0 0 0 0 0 0 0 0 0 0 0 0 0 0 0 0 0 0 0 0 0 0 0 0 0 0 0 0 0 0 0 0 0 0 0 0 0 0 0 0 0 0 0 0 0 0 0 0 0 0 0 0 0 0 0 0
0 0 0 0 0 0 0 0 0 0 0 0 0 0 0 0 0 0 0 0 0 0 0 0 0 0 0 0 0 0 0 0 0 0 0 0 0 0 0 0 0 0 0 0 0 0 0 0 0 0 0 0 0 0 0 0 0 0 0 0 0 0 0 0
0 0 0 0 0 0 0 203 254 256 256 256 256 256 256 256 256 256 256 256 256 256 256 256 256 256 256 256 256 256 256 256 256 255 203 129 0 0 0 0 0 0 0 0 0 0 0 0 0 0 0 0 0 0 0 0 0 0 0 0 0 0 0 0
0 0 0 0 0 201 256 256 256 256 256 256 256 256 256 256 256 256 256 256 256 256 256 256 256 256 256 256 256 256 256 256 256 256 256 256 256 256 256 256 256 256 256 256 256 256 256 256 256 256 216 0 0 0 0 0 0 0 0 0 0 0 0 0
0 0 0 0 187 256 256 256 256 256 256 256 256 256 256 256 256 256 256 256 256 256 256 256 256 256 256 256 256 256 256 256 256 256 256 256 256 256 256 256 256 256 256 256 256 256 256 256 256 256 256 256 188 0 0 0 0 0 0 0 0 0 0 0
0 0 0 0 256 256 256 256 256 256 256 256 256 256 256 256 256 256 256 256 256 256 256 256 256 256 256 256 256 256 256 256 256 256 256 256 256 256 256 256 256 256 256 256 256 256 256 256 256 256 256 256 256 241 0 0 0 0 0 0 0 0 0 0
0 0 0 200 256 256 256 256 256 256 256 256 256 256 250 225 224 224 224 224 224 224 224 224 224 224 230 256 256 256 256 256 256 256 256 256 256 256 256 256 256 256 256 256 256 256 256 256 256 256 256 256 256 256 256 193 0 0 0 0 0 0 0 0
0 0 0 255 256 256 256 256 148 0 0 0 0 0 0 0 0 0 0 0 0 0 0 0 0 0 0 256 256 256 256 256 256 256 166 189 209 241 256 256 256 256 256 256 256 256 256 256 256 256 256 256 256 256 256 256 246 0 0 0 0 0 0 0
0 0 0 256 256 256 256 245 0 0 0 0 0 0 0 0 0 0 0 0 0 0 0 0 0 0 0 256 256 256 256 256 256 256 0 0 0 0 0 0 0 0 0 0 0 0 0 0 0 128 251 256 256 256 256 256 256 256 130 0 0 0 0 0
0 0 0 256 256 256 256 221 0 0 0 0 0 0 0 0 0 0 0 0 0 0 0 0 0 0 0 256 256 256 256 256 256 256 0 0 0 0 0 0 0 0 0 0 0 0 0 0 0 0 0 213 256 256 256 256 256 256 256 0 0 0 0 0
0 0 0 256 256 256 256 230 0 0 0 0 0 0 0 0 0 0 0 0 0 0 0 0 0 0 173 256 256 256 256 256 256 256 203 0 0 0 0 0 0 0 0 0 0 0 0 0 0 0 0 0 0 247 256 256 256 256 256 236 0 0 0 0
0 0 139 256 256 256 256 203 0 0 0 0 0 0 0 0 0 0 0 0 0 0 0 0 0 216 256 256 256 256 256 256 256 256 256 191 0 0 0 0 0 0 0 0 0 0 0 0 0 0 0 0 0 0 214 256 256 256 256 256 0 0 0 0
0 0 167 256 256 256 256 200 0 0 0 0 0 0 0 0 0 0 0 0 0 0 0 0 149 256 256 256 256 256 256 256 256 256 256 256 0 0 0 0 0 0 0 0 0 0 0 0 0 0 0 0 0 0 0 226 256 256 256 256 191 0 0 0
0 0 130 256 256 256 256 256 256 256 256 256 256 256 256 256 256 256 256 256 256 256 256 256 256 256 256 256 256 256 256 256 256 256 256 256 250 240 240 240 240 240 240 240 256 256 256 256 256 256 256 256 256 256 256 256 256 256 256 256 254 0 0 0
0 0 0 256 256 256 256 256 256 256 256 256 256 256 256 256 256 256 256 256 256 256 256 256 256 256 256 256 256 256 256 256 256 256 256 256 256 256 256 256 256 256 256 256 256 256 256 256 256 256 256 256 256 256 256 256 256 256 256 256 256 0 0 0
0 0 0 256 256 256 256 256 256 256 256 256 256 256 256 256 256 256 256 256 256 256 256 256 256 256 256 256 256 256 256 256 256 256 256 256 256 256 256 256 256 256 256 256 256 256 256 256 256 256 256 256 256 256 256 256 256 256 256 256 256 172 0 0
0 0 0 256 256 256 256 256 256 256 256 256 256 256 256 256 256 256 256 256 256 256 256 256 256 256 256 256 256 256 256 256 256 256 256 256 256 256 256 256 256 256 256 256 256 256 256 256 256 256 256 256 256 256 256 256 256 256 256 256 256 221 0 0
0 0 0 256 256 256 256 238 205 208 208 208 208 208 208 208 208 208 208 208 208 208 208 208 248 256 256 256 256 256 256 256 256 256 256 256 256 256 256 256 256 256 256 256 256 256 256 256 256 256 256 256 256 256 256 256 256 256 256 256 256 240 0 0
0 0 133 256 256 256 256 183 0 0 0 0 0 0 0 0 0 0 0 0 0 0 0 0 169 256 256 256 256 256 256 256 256 256 256 256 229 0 0 0 0 0 0 0 0 0 0 0 0 0 0 0 0 0 0 0 0 256 256 256 256 238 0 0
0 0 159 256 256 256 256 150 0 0 0 0 0 0 0 0 0 0 0 0 0 0 0 0 0 247 256 256 256 256 256 256 256 256 256 256 152 0 0 0 0 0 0 0 0 0 0 0 0 0 0 0 0 0 0 0 200 256 256 256 256 200 0 0
0 0 153 256 256 256 256 182 0 0 0 0 0 0 0 0 0 0 0 0 0 0 0 0 0 0 180 230 256 256 256 256 256 256 256 235 0 0 0 0 0 0 0 0 0 0 0 0 0 0 0 0 0 0 0 174 256 256 256 256 256 129 0 0
0 0 0 256 256 256 256 235 0 0 0 0 0 0 0 0 0 0 0 0 0 0 0 0 0 0 0 128 256 256 256 256 256 256 225 0 0 0 0 0 0 0 0 0 0 0 0 0 0 0 0 0 0 0 231 256 256 256 256 256 248 0 0 0
0 0 0 256 256 256 256 256 0 0 0 0 0 0 0 0 0 0 0 0 0 0 0 0 0 0 0 128 256 256 256 256 256 256 0 0 0 0 0 0 0 0 0 0 0 0 0 0 0 0 0 0 176 256 256 256 256 256 256 256 0 0 0 0
0 0 0 213 256 256 256 256 244 0 0 0 0 0 0 0 0 0 0 0 0 0 0 0 0 0 0 160 256 256 256 256 256 256 148 0 0 0 0 0 0 0 0 0 0 0 0 0 0 147 228 256 256 256 256 256 256 256 256 163 0 0 0 0
0 0 0 0 256 256 256 256 256 256 256 256 256 256 256 256 256 256 256 256 256 256 256 256 256 256 256 256 256 256 256 256 256 256 256 256 256 256 256 256 256 256 256 256 256 256 256 256 256 256 256 256 256 256 256 256 256 255 149 0 0 0 0 0
0 0 0 0 219 256 256 256 256 256 256 256 256 256 256 256 256 256 256 256 256 256 256 256 256 256 256 256 256 256 256 256 256 256 256 256 256 256 256 256 256 256 256 256 256 256 256 256 256 256 256 256 256 256 256 256 226 0 0 0 0 0 0 0
0 0 0 0 0 255 256 256 256 256 256 256 256 256 256 256 256 256 256 256 256 256 256 256 256 256 256 256 256 256 256 256 256 256 256 256 256 256 256 256 256 256 256 256 256 256 256 256 256 256 256 256 256 256 254 154 0 0 0 0 0 0 0 0
0 0 0 0 0 0 253 256 256 256 256 256 256 256 256 256 256 256 256 256 256 256 256 256 256 256 256 256 256 256 256 256 256 256 256 256 256 256 256 256 256 256 256 256 256 256 256 256 256 256 256 256 238 152 0 0 0 0 0 0 0 0 0 0
0 0 0 0 0 0 0 149 218 240 240 240 240 240 240 240 240 240 240 240 240 240 240 240 240 240 240 240 240 240 240 240 240 240 240 240 240 240 240 240 240 240 240 240 240 240 240 240 239 207 151 0 0 0 0 0 0 0 0 0 0 0 0 0
0 0 0 0 0 0 0 0 0 0 0 0 0 0 0 0 0 0 0 0 0 0 0 0 0 0 0 0 0 0 0 0 0 0 0 0 0 0 0 0 0 0 0 0 0 0 0 0 0 0 0 0 0 0 0 0 0 0 0 0 0 0 0 0
0 0 0 0 0 0 0 0 0 0 0 0 0 0 0 0 0 0 0 0 0 0 0 0 0 0 0 0 0 0 0 0 0 0 0 0 0 0 0 0 0 0 0 0 0 0 0 0 0 0 0 0 0 0 0 0 0 0 0 0 0 0 0 0